tensor([[[[0.0000, 0.0000, 0.0000,  ..., 0.0000, 0.0000, 0.0000],
          [0.0000, 0.0000, 0.0000,  ..., 0.0000, 0.0000, 0.0000],
          [0.0000, 0.0000, 0.0000,  ..., 0.0000, 0.0000, 0.0000],
          ...,
          [0.0000, 0.0000, 0.0000,  ..., 0.1909, 0.2907, 0.5406],
          [0.0000, 0.0000, 0.0000,  ..., 0.5546, 0.6278, 0.7397],
          [0.0000, 0.0000, 0.0000,  ..., 0.5198, 0.6356, 0.6138]],

         [[0.1544, 0.0000, 0.0000,  ..., 0.0000, 0.1401, 0.4873],
          [0.0000, 0.0000, 0.0000,  ..., 0.0000, 0.0000, 0.1506],
          [0.0000, 0.0000, 0.0000,  ..., 0.0000, 0.0000, 0.1490],
          ...,
          [0.0000, 0.0000, 0.0000,  ..., 0.0000, 0.0000, 0.0000],
          [0.0000, 0.0000, 0.0000,  ..., 0.0000, 0.0000, 0.0000],
          [0.0811, 0.0000, 0.0000,  ..., 0.0000, 0.0000, 0.2920]],

         [[0.9621, 0.0000, 0.0000,  ..., 0.0652, 0.1242, 0.0279],
          [0.6321, 0.0000, 0.0000,  ..., 0.0388, 0.0871, 0.2059],
          [0.7845, 0.0000, 0.0000,  ..., 0.0544, 0.0251, 0.1542],
          ...,
          [0.0000, 0.0000, 0.0000,  ..., 0.0217, 0.0285, 1.3707],
          [0.0857, 0.0000, 0.0000,  ..., 0.5216, 0.4394, 1.2379],
          [0.2186, 0.0000, 0.0000,  ..., 0.4643, 0.5131, 0.8803]],

         ...,

         [[0.0000, 0.0000, 0.0000,  ..., 0.0000, 0.0000, 0.0000],
          [0.0313, 0.0000, 0.0000,  ..., 0.0000, 0.0000, 0.0000],
          [0.0000, 0.0000, 0.0000,  ..., 0.0000, 0.0000, 0.0000],
          ...,
          [0.3060, 0.4657, 0.6324,  ..., 1.5108, 1.4112, 0.6950],
          [0.4097, 0.6154, 0.6904,  ..., 1.3155, 1.2018, 0.6681],
          [0.3852, 0.5474, 0.5559,  ..., 0.8649, 0.7861, 0.4932]],

         [[0.5816, 0.4007, 0.4113,  ..., 0.3891, 0.3023, 0.0306],
          [0.4800, 0.0000, 0.0000,  ..., 0.0291, 0.1018, 0.0000],
          [0.4550, 0.0000, 0.0707,  ..., 0.0452, 0.2038, 0.0000],
          ...,
          [0.0000, 0.0000, 0.0000,  ..., 0.0000, 0.0000, 0.0000],
          [0.0000, 0.0000, 0.0000,  ..., 0.0000, 0.0000, 0.0000],
          [0.0000, 0.0000, 0.0000,  ..., 0.0000, 0.0000, 0.0000]],

         [[0.0554, 0.0000, 0.0000,  ..., 0.1743, 0.1977, 0.5498],
          [0.0000, 0.0000, 0.0000,  ..., 0.0218, 0.0987, 0.4835],
          [0.0000, 0.0000, 0.0000,  ..., 0.0429, 0.0938, 0.4888],
          ...,
          [0.0000, 0.0000, 0.0000,  ..., 0.0000, 0.0000, 0.0000],
          [0.0000, 0.0000, 0.0000,  ..., 0.0000, 0.0000, 0.0369],
          [0.0000, 0.0000, 0.0000,  ..., 0.0000, 0.0109, 0.4512]]]],
       grad_fn=<ReluBackward1>)