tensor([[[[0.0000, 0.0000, 0.0000,  ..., 0.0000, 0.0000, 0.0000],
          [0.0000, 0.0000, 0.0000,  ..., 0.0000, 0.0000, 0.0000],
          [0.0000, 0.0000, 0.0000,  ..., 0.0000, 0.0000, 0.0000],
          ...,
          [0.0000, 0.0000, 0.0000,  ..., 0.0000, 0.0000, 0.1701],
          [0.0000, 0.0000, 0.0000,  ..., 0.0000, 0.0000, 0.1746],
          [0.0000, 0.0000, 0.0000,  ..., 0.0000, 0.0151, 0.3682]],

         [[0.1228, 0.0000, 0.0000,  ..., 0.0000, 0.0000, 0.1866],
          [0.0000, 0.0000, 0.0000,  ..., 0.0000, 0.0000, 0.0000],
          [0.0000, 0.0000, 0.0000,  ..., 0.0000, 0.0000, 0.0670],
          ...,
          [0.0000, 0.0000, 0.0000,  ..., 0.0000, 0.0000, 0.0000],
          [0.0000, 0.0000, 0.0000,  ..., 0.0000, 0.0000, 0.0063],
          [0.1185, 0.0000, 0.0000,  ..., 0.0000, 0.0343, 0.3031]],

         [[0.9736, 0.0000, 0.0695,  ..., 0.0046, 0.1456, 0.0281],
          [0.7778, 0.0000, 0.0280,  ..., 0.0000, 0.3252, 0.4128],
          [0.7333, 0.0000, 0.0360,  ..., 0.1344, 0.3790, 0.5690],
          ...,
          [0.0000, 0.0000, 0.0000,  ..., 0.1015, 0.6060, 1.4739],
          [0.2753, 0.0000, 0.0000,  ..., 0.5171, 0.7410, 1.5100],
          [0.3139, 0.0000, 0.0000,  ..., 0.6399, 0.7882, 1.1297]],

         ...,

         [[0.0000, 0.0000, 0.0000,  ..., 0.0000, 0.0000, 0.0000],
          [0.0000, 0.0000, 0.0000,  ..., 0.0000, 0.0000, 0.0000],
          [0.0000, 0.0000, 0.0000,  ..., 0.0000, 0.0000, 0.0000],
          ...,
          [0.1619, 0.1695, 0.4774,  ..., 0.5801, 0.3835, 0.1484],
          [0.2371, 0.2915, 0.5470,  ..., 0.5171, 0.2996, 0.2438],
          [0.2535, 0.2744, 0.3837,  ..., 0.3189, 0.1436, 0.1537]],

         [[0.5350, 0.0741, 0.0926,  ..., 0.2512, 0.2667, 0.0000],
          [0.4943, 0.0000, 0.0000,  ..., 0.0938, 0.1322, 0.0000],
          [0.3921, 0.0000, 0.0000,  ..., 0.0000, 0.2214, 0.0000],
          ...,
          [0.0000, 0.0000, 0.0000,  ..., 0.0000, 0.0000, 0.0000],
          [0.0470, 0.0000, 0.0000,  ..., 0.0000, 0.0000, 0.0000],
          [0.0000, 0.0000, 0.0000,  ..., 0.0000, 0.0000, 0.0000]],

         [[0.0972, 0.0337, 0.0478,  ..., 0.1346, 0.1495, 0.4527],
          [0.0041, 0.0000, 0.0100,  ..., 0.0131, 0.0759, 0.3177],
          [0.0000, 0.0000, 0.1973,  ..., 0.2126, 0.1944, 0.3375],
          ...,
          [0.0000, 0.0000, 0.0000,  ..., 0.0000, 0.0000, 0.0000],
          [0.0000, 0.0000, 0.0000,  ..., 0.0000, 0.0000, 0.0516],
          [0.0135, 0.0000, 0.0000,  ..., 0.0000, 0.0061, 0.3119]]]],
       grad_fn=<ReluBackward1>)